351615081475402
351615081475832
351615081476186
351615081482994
351615081483034
351615081483141
351615081483281
351615081762247
351615081762510
351615081762627
351615081762833
351615081762981
351615081763278
351615081763377
351615081763401
351615081763500
351615081763542
351615081763641
351615081763823
351615081764177
351615081764615
351615081765026
351615081765190
351615081765257
351615081765638
351615081765695
351615081765919
351615081765992
351615081766081
351615081766149
351615081767444
351615081767543
351615081768079
351615081768335
351615081768343
351615081769705
351615081770810
351615081771206
351615081771552
351615081771578
351615081771602
351615081771719
351615081771933
351615081772741
351615081772972
351615081772998
351615081773079
351615081773442
351615081773467
351615081773509
351615081773533
351615081776122
351615081776734
351615081776775
351615081776999
351615081777005
351615081777559
351615081777872
351615081777906
351615081778011
351615081778037
351615081778516
351615081778672
351615081779175
351615081779829
351615081779852
351615081780801
351615081797391
351615081798720
351615081804304
351615081804403
351615081804429
351615081804486
351615081804510
351615081805558
351615081805632
351615081806002
351615081890170
351615081890287
351615081890626
351615081890659
351615081890725
351615081890741
351615081891541
351615081892622
351615081892754
351615081892861
351615081893125
351615081893851
351615081894594
351615081894685
351615081894792
351615081898306
351615081898322
351615081898983
351615081899882
351615081926164
351615081927683
351615081928095
351615081929002
